-------------------- Raw examples --------------------
Example 1:
[[1.1134748  0.89863425]
 [1.0238073  0.7592776 ]
 [1.034037   0.63355225]
 [1.1286649  0.53771913]
 [1.2988898  0.47569734]
 [1.535536   0.44796333]
 [1.817316   0.45610216]
 [2.0980427  0.50436854]
 [2.3006318  0.59759706]
 [2.3351126  0.73248017]]

Example 2:
[[1.0745254  0.9082669 ]
 [0.7690028  0.8464271 ]
 [0.58893186 0.71531194]
 [0.50618714 0.5717579 ]
 [0.48869076 0.44753164]
 [0.5195029  0.3515796 ]
 [0.5932945  0.28261527]
 [0.7110491  0.23674858]
 [0.8759652  0.21038987]
 [1.0897704  0.20152093]]

------------------------------------- Preprocessed examples -------------------------------------
Example 1:
0.11,0.09;0.10,0.08;0.10,0.06;0.11,0.05;0.13,0.05;0.15,0.04;0.18,0.05;0.21,0.05;0.23,0.06;0.23,0.07

Example 2:
0.11,0.09;0.08,0.08;0.06,0.07;0.05,0.06;0.05,0.04;0.05,0.04;0.06,0.03;0.07,0.02;0.09,0.02;0.11,0.02

--------------------------------------- Tokenized examples ---------------------------------------
Example 1:
tensor([15, 13, 16, 16, 11, 15, 13, 15, 24, 26, 15, 13, 16, 15, 11, 15, 13, 15,
        23, 26, 15, 13, 16, 15, 11, 15, 13, 15, 21, 26, 15, 13, 16, 16, 11, 15,
        13, 15, 20, 26, 15, 13, 16, 18, 11, 15, 13, 15, 20, 26, 15, 13, 16, 20,
        11, 15, 13, 15, 19, 26, 15, 13, 16, 23, 11, 15, 13, 15, 20, 26, 15, 13,
        17, 16, 11, 15, 13, 15, 20, 26, 15, 13, 17, 18, 11, 15, 13, 15, 21, 26,
        15, 13, 17, 18, 11, 15, 13, 15, 22])

Example 2:
tensor([15, 13, 16, 16, 11, 15, 13, 15, 24, 26, 15, 13, 15, 23, 11, 15, 13, 15,
        23, 26, 15, 13, 15, 21, 11, 15, 13, 15, 22, 26, 15, 13, 15, 20, 11, 15,
        13, 15, 21, 26, 15, 13, 15, 20, 11, 15, 13, 15, 19, 26, 15, 13, 15, 20,
        11, 15, 13, 15, 19, 26, 15, 13, 15, 21, 11, 15, 13, 15, 18, 26, 15, 13,
        15, 22, 11, 15, 13, 15, 17, 26, 15, 13, 15, 24, 11, 15, 13, 15, 17, 26,
        15, 13, 16, 16, 11, 15, 13, 15, 17])

